Using WEST data from '/home/dty7/we_data/eg5/west.h5.i585'
# successful (recycled) segments
# column 0:    iteration
# column 1:    seg_id
# column 2:    weight
# column>2:    final progress coordinate value
     456         301      6.912649510601e-56          14.96461          -44.3262          6.161499          6.161499
     461         293     1.4188639827268e-53          13.61271           -13.614          6.025398          6.025398
     462           5     1.6876585719241e-60           17.0943          2.344696          6.058601          6.058601
     464          11     1.0547866074525e-61          20.16309          9.730492          7.549103          7.549103
     464         286     2.7855417287162e-55            19.994          -18.9437          6.194397          6.194397
     465          12     5.2739330372627e-62            20.548          2.144302          6.745804          6.745804
     466           5     2.6560450859395e-56           16.4589         -6.212303          6.133598          6.133598
     466           7     2.6560450859395e-56          17.43729          -13.4328          6.241898          6.241898
     466          13     5.2739330372627e-62           16.6224         -1.219803            6.0448            6.0448
     467         297     1.0820747031184e-55           21.4041          -54.2666          6.683701          6.683701
     467         298     1.0820747031184e-55          20.47591          -58.8765          6.188202          6.188202
     468           9     8.7898883954379e-63          22.32641          3.842705          6.402405          7.428001
     468         280     1.3636864988351e-54           17.5489          -48.9069          6.718605          6.718605
     468         286     8.6138125885285e-56           21.5555          -41.2471          6.185402          6.185402
     468         303     6.5924162965784e-63          15.62571          5.729706            6.3535            6.3535
     469           5     1.6663520925749e-55          16.87341          1.697502          6.212204          6.212204
     469          14     8.7898883954379e-63           21.0948          8.715004          7.343903          7.343903
     469         298     1.3636864988351e-54          18.96541         -8.824196            6.7444            6.7444
     469         317     1.3525933788979e-56           24.9724         -35.31709          6.287704          6.287704
     469         318     1.3525933788979e-56          23.74211          -22.7904          6.952507          6.952507
     470           8     4.3949441977189e-63           24.2719          3.323303          8.903603          8.903603
     470          10     4.3949441977189e-63           20.7411          6.183701          7.194405          7.194405
     470         280     5.1104533212859e-58           15.5019          -50.1116          6.819504          6.959801
     470         287      2.414105376567e-55           20.5683          -54.1435          6.193298          6.193298
     470         326     3.8497865605198e-55           18.9462         -6.352402            6.2444          6.276604
     471          13     1.5565427366921e-63           21.8582          3.598793          6.954498          6.954498
     471         315     1.2776133303215e-58          15.82359          -44.5754          6.006897          6.006897
     471         336     6.2075046459498e-56           21.3593          -52.4034          6.067894          6.067894
     471         337     6.2075046459498e-56           20.8468          -23.0173          8.422295          8.914398
     471         339     6.2075046459498e-56           23.8199          -15.6591          7.077995          7.077995
     472         331      1.716775077234e-65           21.9239          -11.4408          7.680801          7.680801
     472         334      1.716775077234e-65            22.342         -8.556198            6.8722            6.8722
     473          15     1.0071747119773e-63          23.77731          5.962807          7.735802          9.537804
     473         213     4.2919376930849e-66           23.4902          1.261497          6.313606          6.313606
     473         304     4.8855534126568e-55          19.65141         -55.32059          6.485909          6.485909
     473         311     8.0203886677495e-57           14.3585          -58.8584          6.163506          6.163506
     473         313     8.0203886677495e-57           15.8467          -34.5021          6.472404          6.472404
     473         329     4.0236915872671e-67          34.21709          -14.1665          6.101097          7.163002
     474           5      1.927990904097e-54          24.21011         -4.264999          8.205902           10.4461
     474          13     8.5838753861698e-66          21.97851        -0.2598953          7.122406          7.122406
     474          14     5.0358735598863e-64          20.33381          9.829811          7.736603          8.600204
     474         332     3.7908193838664e-57          19.00811           -24.893          6.056404          6.056404
     475           5     1.2213883531642e-55           18.8643          -38.7349          6.594902          6.594902
     475          10     8.1619944442739e-56           19.7901         -4.659698          6.764999          6.764999
     475         310      9.477048459666e-58           22.6324          -52.5696          6.443596          8.140701
     475         330      9.477048459666e-58          20.06999          -17.6693          7.025597          7.025597
     475         331      9.477048459666e-58          19.06889          -11.2049          6.018402          8.449997
     476         314     6.2870181051048e-69           39.8317          -19.3115          7.903404            10.895
     476         325     3.0534708829105e-56           20.6209         -5.559402          7.021599          7.021599
     477           5     6.1069417658216e-56           20.1828          -17.8371           7.76329          8.400696
     477         291     1.4295323889549e-54           20.4173          4.124298          6.264099          6.643494
     477         301     1.5717545262762e-69           34.5246         -17.59261          6.976791          8.318695
     477         313     1.5717545262762e-69           32.9599          -22.9186          6.320602          6.464905
     478          15     6.8016620368949e-57           22.3839          9.880005          6.770203          9.548996
     478         315     1.4807888218228e-59           16.2683          -22.0292            6.2892           6.49321
     478         319     1.3729092418829e-56            23.688          7.561508           6.61731          8.128098
     478         320     1.3729092418829e-56           20.4994        -0.8005981          6.723999          7.627106
     478         321     1.3729092418829e-56           22.2751         0.3567047          6.694809          8.616806
     479          13     3.1882790797945e-58            26.119         -12.55869           7.27681           7.27681
     479         217     3.1882790797945e-58          21.92291          7.571503          7.783813          7.783813
     481           4     1.0633562809973e-55          17.68721         -19.27599          6.041901          6.234299
     481           8     7.7105954145164e-57           21.8441         -7.798798          8.079407          9.661301
     481          12     7.9706976994863e-59          26.41051          5.902298            10.731            10.731
     481         203     1.4499348949722e-56          18.59061          7.460297           6.53511          6.985703
     481         317     1.0569797228366e-55          17.75061         -2.288795          6.053299          6.053299
     481         318     1.0569797228366e-55          18.82021         -21.05939          7.112701          7.112701
     481         319     1.0569797228366e-55           17.5535          5.062103          6.665497          6.665497
     482           6     2.6424493070914e-56          18.09329         -1.432404          6.944992          6.944992
     482           8      4.833116316574e-57          17.92729          3.795303          6.451904          6.451904
     482          14     3.6248372374305e-57          21.39211          1.170395          7.766693          9.158096
     482         334     2.6424493070914e-56           18.9272          -15.6665          6.572998          6.572998
     483           7     6.6299469966396e-56          18.32001         -9.062393          6.253403          6.671005
     483          13     1.4113489577536e-56          23.36281          3.690613          6.498306          8.416107
     483          14     2.1844011736301e-56           21.6611          1.604904          7.285706          7.285706
     483          15     1.4113489577536e-56          22.27211         -4.252487          7.228409          7.886505
     484           4     6.7809256031205e-56           21.8508         -2.618988          7.484406          9.189102
     485           5     2.8226979155072e-56          19.77461          -18.1348          6.815704           6.99971
     485           7     2.8226979155072e-56           19.1627          6.774002          6.315399          6.315399
     485          15     3.5283723943841e-57            25.711          5.856903          10.40511          11.24051
     486          12     2.9460185105996e-58           20.3107           8.71019          6.223389          7.886093
     486          14     2.9460185105996e-58          24.19669         0.7842865          9.274094          9.667999
     486         294     1.0903328658451e-56          20.02879         -11.12961          7.092987          8.292694
     486         308      5.505102723107e-58          19.27679         -27.70601          6.570587          6.570587
     487           7     1.5719151254044e-56           21.5213         0.5370941           6.19339          8.467392
     487         206     1.6515308169321e-57           16.7594          -12.4698          6.120789          6.120789
     487         314     1.4989419234049e-75          35.92279          -10.8266          6.470993          8.074097
     488           4     1.5719151254044e-56           20.8891         -9.852112          6.073288           8.19339
     488          13     7.3650462764991e-59          24.16299          8.198395            6.8535            6.8535
     488         308     1.0795630412679e-56           20.7708         -5.041702          7.091888          7.107391
     488         316     3.7473548085122e-76           36.4574          -3.12561          6.622498          8.581589
     488         317     3.7473548085122e-76          37.69319          -11.5869          7.245392          9.463196
     489           7     6.1789871871394e-57            14.925          -39.4489          6.172104          6.172104
     489          15     1.3256858961705e-58           21.6571          3.025497          8.504105          9.030304
     489         285     3.1423925143856e-57            19.733          -45.8416          6.449005          6.449005
     489         318      1.606541018256e-58          16.81799          -27.1438          6.462799          6.462799
     490         304     2.1873632040872e-57           19.1192          -11.1445          7.054199          7.054199
     490         322       4.01635254564e-59           17.4173          -41.1519          7.202896          7.202896
     491         311     5.8552418883003e-78          37.83281          -23.5876          6.496002          7.373596
     491         312     5.8552418883003e-78           37.0546          -38.0033          6.372604            7.2397
     493         298     1.1442568865073e-58            20.226         -47.69279          6.038498          6.545502
     494           7     1.2944346581479e-58           17.4875        -0.2474976          6.327301          7.064011
     495         209     3.2360866453697e-59          20.37431          9.747803          6.116714          6.882401
     495         305     1.1442568865073e-58          20.96701         -41.85999          6.468201          6.476807
     495         315      4.837259236173e-59          15.36311         -1.616196          6.069809          6.331604
     496           4     9.3519135689992e-59           18.0112          -11.3217          6.379105          6.379105
     496         319     8.0902166134243e-60          20.56041          -20.6494           6.60791           6.60791
     496         322     8.0902166134243e-60           17.5816          -11.2453          6.013611          6.013611
     497          13     1.0786955484566e-59           23.3244          2.420807          9.078506          9.078506
     497          14     1.0786955484566e-59           18.9613          8.677307          6.619904          7.367706
     497         314     1.6100235362978e-59           15.5925          -35.7774          6.444794          6.444794
     498          15     5.1022044692619e-60           23.4585          8.283203          6.879196          6.879196
     498         301     9.6737830977513e-60           17.3446            9.7435            6.2892            6.2892
     499           7     1.6972488609296e-59           19.3237          -26.3846          6.532501          7.633102
     499         298     4.7630694231546e-61          22.37669         -45.87291          6.445602          8.120102
     499         299     4.7630694231546e-61          22.34349          -40.0428          7.966202          7.966202
     500           9      2.479177954587e-60            24.092          7.584991          9.018799          9.018799
     500          11      4.958355909174e-60           24.8503         -3.018707          7.128891          8.042389
     503          12     6.1979448864675e-61           28.4117          7.807297          12.13339          12.25079
     503         293     7.4422959736791e-63           22.5349         -64.55971            6.9104            6.9104
     503         294     7.4422959736791e-63           20.3927         -35.81151            6.8358            6.8358
     504         268     4.8996745334609e-58           24.6635         -72.88051          6.289398          6.289398
     504         281     2.9591429334591e-64          31.69649         0.5988922           6.48439           6.48439
     505          13     6.1979448864675e-61           31.0433          8.463303           10.0565           10.6537
     505         280     1.2249186333652e-58           23.0726         -68.22679          6.021301          6.021301
     505         281     1.2249186333652e-58          25.88611         -55.31149          7.576797          8.355301
     505         282     1.2249186333652e-58          26.46561         -64.26299            7.8013            7.8013
     506           8     3.0989724432338e-61          30.26579          6.054199           11.1091           11.1091
     506         203     1.5503648182478e-56          14.22989          3.964401            6.4151          6.497498
     506         285     2.4498372667305e-58          25.49309         -61.26241          8.670792          8.670792
     506         295     1.8494643334119e-65          32.38499         -19.40601            6.2668            6.2668
     506         296     1.8494643334119e-65          32.59999          8.944092            7.3694            7.3694
     506         298     1.8494643334119e-65          32.02869         0.2217865          6.480988          6.480988
     507          13     1.5494862216169e-61          28.58221          9.711411          8.351807          8.351807
     507          14     7.7474311080844e-62          30.06281          8.842514          8.274414          8.274414
     508          14     1.9368577770211e-62          31.92509          9.169296           10.3445           10.3445
     508          15     1.9841603640195e-62           29.4267          1.102493          7.438095          7.438095
     508         291     2.1146073499239e-57           17.0723          -29.9581           6.14389           6.14389
     508         306     1.6916858799391e-56          17.11319          -21.2715          6.917099          6.917099
     508         310     1.1559152083824e-66           32.5376         -13.10471          7.716797          7.716797
     509           5     3.9648887811073e-58          14.46959          -25.3324          6.403992          6.403992
     509           7     3.9648887811073e-58          16.30609         -7.743103          6.078995          6.078995
     509           8     4.6236608335298e-66           34.1452          5.233795          7.806793          7.806793
     509          10     9.6842888851055e-63           32.1026          8.342789          10.10249          10.10249
     509         253     2.8897880209561e-67           32.4077         -9.080902          6.652496          6.652496
     510           5     1.9824443905537e-58             16.59          -10.9942          6.251694          6.286591
     510         299     7.2244700523903e-68          31.45929         -16.97311          6.067795          6.067795
     510         300     7.2244700523903e-68          32.09869         -18.87041          6.201096          6.201096
     510         301     7.2244700523903e-68            30.778         -9.894211          6.440689          6.440689
     510         302     7.2244700523903e-68           32.9334          -21.8791          6.046097          6.046097
     510         307     1.6770332504674e-57          22.85379         -18.45151          6.183289          6.183289
     510         308     1.6770332504674e-57           21.5629          -12.0601          6.492599          6.492599
     512          14     4.8421444425528e-63          30.05699          7.827591          10.02119           10.2677
     512         280     4.4845542743227e-57           16.6778          -18.1954          6.700287          6.700287
     512         282     7.5567437012435e-57           17.3745         -2.853409          6.158493          6.158493
     512         284     8.3851662523372e-58          23.30229          -26.7621          7.783386          8.302597
     512         293     1.9723199287976e-58          15.19879          -10.3031          6.006393          6.006393
     512         295     1.9723199287976e-58           15.9025           2.89389          6.850098          6.850098
     513           4     2.0019552796419e-57           15.1163         -6.340988          6.460999          6.559509
     514         257     8.7755131363344e-59           14.5937         -35.75859          6.289902          6.545105
     514         271     5.2407289077107e-59           27.0625          -25.4115          6.516312          6.516312
     514         282     5.2407289077107e-59          22.64371          -24.9572          7.115601          7.115601
     515          15     6.4561925900703e-63           25.3036          2.201508          8.905609          8.905609
     515         177     7.0551465355374e-71           33.9631          6.509796          6.312302          6.312302
     515         261     3.2986828928188e-57           16.1414          -21.1915           6.58371           6.58371
     515         264     7.0551465355374e-71           34.6145         -2.450699          6.529495          6.529495
     515         265     7.0551465355374e-71           34.4425          9.525406          7.502106          7.502106
     515         266     7.0551465355374e-71          32.66481          6.174896          7.217499          7.217499
     515         272     1.3101822269277e-59           22.7179         -3.185196           6.88681           6.88681
     516          10     5.7950613264022e-58          15.69591         -7.519806          6.322006          7.706802
     516          17     4.8421444425528e-63            36.995          4.902603           15.0654           15.0654
     516         265     1.7637866338843e-71           34.6489          -18.9619          6.111008          6.111008
     516         271     3.2754555673192e-60          25.33839          -20.5407          7.856598          7.972702
     517         298     4.4094665847109e-72          33.84839         -5.691605          6.296692          6.296692
     517         305      8.188638918298e-61          25.69429           -32.923          8.262589          8.262589
     517         307      8.188638918298e-61          26.19299            -30.31          6.585495          6.585495
     518         191     1.1023666461777e-72           32.3857          2.548294            6.6241            6.6241
     518         281     1.1023666461777e-72            35.713          4.819595          6.770004          6.770004
     518         283     1.1023666461777e-72           34.5985          4.874298          6.054794          6.054794
     519         303     1.7717606718771e-57           17.7056          -46.3187          6.294006          6.294006
     519         305     1.7717606718771e-57            17.168          -27.7728          6.522995          6.522995
     520         213     6.8897915386107e-74           34.8259         -0.707489          7.531006          7.531006
     521          12     6.1605962842614e-64          13.35721           -7.8172          6.125702            6.6698
     521         308     1.7224478846527e-74          35.29471          1.290207          6.760605          6.760605
     521         311     1.7224478846527e-74            35.825          6.663605          7.395294          7.395294
     522          11     7.4087683447857e-59          16.50439         -19.84711          6.171997            6.6772
     522         320     4.3061197116317e-75          40.80991          -10.6973          8.374603          8.374603
     522         321     4.3061197116317e-75           40.7336          -13.4445          6.463806          6.463806
     522         327     4.3061197116317e-75           35.2112           -11.584          6.999191          6.999191
     522         329     4.3061197116317e-75           36.4993          7.633194          8.567703          8.567703
     522         330     4.3061197116317e-75           35.1575          2.843704            6.9496            6.9496
     523         206     1.0765299279079e-75           38.3119         0.6376038          8.161697          8.161697
     523         281     1.1073504199232e-58           21.1268          -43.2847          6.617203          6.663406
     523         287     1.4764672265642e-58            17.164          -49.0096          6.137695          6.137695
     523         294     7.4087700293238e-58           20.6696          -61.4911          6.874496          6.874496
     523         295     1.0765299279079e-75           39.2205         0.8336029          8.360504          8.360504
     523         296     1.0765299279079e-75          37.05029          3.650406          6.704895          6.704895
     523         298     1.0765299279079e-75           39.5531          8.981293          9.215195          9.215195
     524         290     3.6911680664105e-59           18.6324         -47.94591          6.509598          6.509598
     524         306     4.6304802154911e-60          17.62219         0.8739014          6.798492          6.798492
     525           9     2.3152401077455e-60           17.7224          5.483902          6.472397          7.641205
     525         299     6.7283120494245e-77           37.6086         -2.160202          8.144302          8.144302
     525         302     6.7283120494245e-77           37.9614         -6.166397          7.886993          7.886993
     525         308     6.7283120494245e-77             35.88          4.995102          6.810394          6.810394
     526           9     6.7283120494245e-77           38.5549         -13.20959          6.029694          8.984497
     526          19     5.7991413493105e-61          17.15179            4.8423          7.578995          7.578995
     526         215     1.6820780123561e-77           33.1935          6.914307          6.012894          6.038803
     526         300     5.0648127420019e-56          17.82961         -1.557495          6.084198          6.084198
     526         313     1.6820780123561e-77           37.3866          -10.3716          6.625397          6.625397
     527          12     7.2365219463112e-62           16.9337         -7.319702          6.194901          6.482788
     527          13     7.2376495673894e-62          14.36369          6.383194          6.269394            6.5634
     527         313     4.2051950308903e-78          38.61569         -19.58551          6.003494          6.003494
     527         314     4.2051950308903e-78           38.5157          -27.6745          6.016296          6.016296
     527         322     4.2051950308903e-78          37.19879         -20.90921          8.897888          9.161896
     528         304     4.2275045101437e-57           18.1947         -41.50539          6.005402          6.005402
     529         309     2.6282468943065e-79          39.30969          -41.1313          7.148499          7.148499
     529         317     9.0440885497408e-62            16.282         -35.64391          6.482193          6.482193
     530         216     1.0873890630088e-61          19.77319         -2.219406          6.150192          6.150192
     530         303     1.5827539818756e-57          18.77249         -33.31151          6.182205          6.182205
     530         311     6.5706172357661e-80           38.9733         -13.62871          6.125198          6.125198
     530         314     6.5706172357661e-80           41.6936         -23.20461          8.031891          8.031891
     530         321     6.5706172357661e-80           37.6712          -61.0986          6.127502          6.127502
     530         322     6.5706172357661e-80          36.70329          -53.9653          6.420303          6.420303
     531           9     9.6468337822731e-62           20.9899          4.920395          7.899292          8.298798
     531         311     1.6426543089415e-80           40.1667         -5.533905          9.016296          9.016296
     531         312     1.6426543089415e-80           40.2988          -18.9568           7.18399           7.18399
     531         313     1.6426543089415e-80          41.80249          -20.2218          9.564896          9.564896
     531         321      3.956884954689e-58           19.2464          -22.0041          6.626297          6.626297
     532           8     6.4312225215154e-62          21.07001          1.690308          7.190201          7.190201
     532         197     8.1139229945518e-62          18.72661          7.255798          6.053711          6.053711
     532         307     4.1066357723538e-81          37.48291         -1.487503          6.785309          6.785309
     532         318     1.0163407356236e-61            22.791         -63.72639          6.047607          6.918304
     533          12     1.6078056303788e-62          22.44499         -7.058212             6.722             6.722
     533         286     1.0163407356236e-61           22.0795          -48.2386          6.992203          6.992203
     533         297     1.0266589430885e-81          39.29309         -4.379898          7.281799          7.281799
     533         299     1.0266589430885e-81          39.43109          2.262299          9.508896          9.508896
     533         311     2.5408518390589e-62           24.7683          -45.8772          7.169998          9.068192
     534           6     5.0817036781178e-62           24.3374         -35.30611          6.384094          8.478592
     534           7     5.0817036781178e-62           25.0414          -52.7823          7.079102          7.485992
     534          13     1.6078056303788e-62           24.2822          -13.3224          7.515701          7.515701
     534          14     1.6078056303788e-62           20.3282         -2.407303            6.0681            6.0681
     534         205     2.5666473577211e-82           36.4933         -1.787796          7.151901          7.151901
     534         299      1.297313386852e-61            24.855         -82.40421          6.600891          6.600891
     534         312     2.5666473577211e-82           35.8611          4.007095          6.877197          7.955002
     534         313     2.5666473577211e-82          37.28729          5.915604          7.687103          7.687103
     535         291     4.1277629216591e-60          21.47209         -75.06971          6.826187          6.826187
     535         295     8.2555258433182e-60          22.12469         -51.87391          8.437302          8.437302
     535         301     6.4166183943029e-83          37.37309           -17.373          6.254501          6.254501
     535         303     6.4166183943029e-83            39.394         -4.105301          6.004196          6.004196
     536           8     4.1277629216591e-60           19.7995          -61.2683          6.145004          6.145004
     536           9     4.1277629216591e-60           19.8643         -56.74689          6.822403          6.822403
     536          15     3.7001576618385e-63          20.07001          7.106003          6.569504          7.294708
     536          18     4.0195140759471e-63           24.1078         0.5771027          8.245102          10.02361
     536          19     4.0195140759471e-63           22.3172          3.607605          9.438904          9.438904
     536         273     1.1435245883254e-56           23.3587          -21.0349          6.186905          6.186905
     536         301     2.0638814608296e-60           18.1312          -48.2998          6.021698          6.021698
     536         319     1.6041545985757e-83           40.3676         -15.72549          6.549606          6.549606
     537           8      1.082757767196e-60          22.39891         -62.05209          6.013611          6.013611
     537          19     1.3398380253157e-63          25.09561          2.347107          9.429413           11.4375
     537         205     4.0103864964393e-84          37.95721          3.949905           7.59111           7.59111
     537         312     2.5798518260369e-61           20.4765         -69.80629          6.271805          6.271805
     538           8      1.082757767196e-60           22.3756         -32.36191          6.251495          9.279587
     538          10      1.082757767196e-60          22.81299         -65.99461          7.494293          7.494293
     538         310     1.0025966241098e-84          39.16319         -8.020508          6.025986          6.025986
     539          11     5.1597036520739e-61           18.9234         -58.08139          6.281403          6.281403
     539         208     2.5064915602746e-85           37.6201          9.389603          7.501099          7.501099
     539         211     2.5064915602746e-85          36.56911          7.331497          6.360901          6.360901
     539         308     1.0025966241098e-84           42.1494          -38.4884          6.681198          6.681198
     539         310     5.0129831205491e-85          37.29631          6.061707          6.102097          6.102097
     539         315     2.5064915602746e-85          39.32991         -6.046097          6.344498          6.344498
     540         315     6.2662289006864e-86          37.51959         -5.432602          6.918396          6.918396
     540         318     6.2662289006864e-86           40.3777          -11.2236          7.621597          7.621597
     540         320     6.2662289006864e-86           38.3324         -6.883209            8.6353          8.844589
     540         321     6.2662289006864e-86          41.46269          -17.5825          8.120895          8.120895
     540         322     6.2662289006864e-86          41.89029          -17.1196          7.033798          7.033798
     540         328     6.4793177382666e-62           23.7002         -66.54201          7.485992          7.485992
     540         329     6.4793177382666e-62           23.7921         -63.84421          6.130798          6.130798
     541           7     4.4869950705198e-57          21.57791           -14.646          6.033112          6.033112
     541         203     6.2662289006864e-86            38.214          3.501709          8.236298          8.236298
     541         308     1.5665572251716e-86           41.3065            -11.89           7.63681           7.63681
     541         309     1.5665572251716e-86           40.1356         -22.72699          8.799011          8.799011
     541         310     1.5665572251716e-86           39.2346          -24.6104            6.5009            6.5009
     541         317     6.4793177382666e-62           20.8965          -56.4388          6.016708          6.016708
     542          22     6.6991901265785e-64          29.03839          6.220596          11.94049          11.94049
     542         322     1.3397095232497e-61           25.0844          -74.5914          6.032593          6.032593
     543         319      1.906985896734e-56          20.20851         -3.498398          6.265015          6.867615
     543         332     4.9691032426909e-62          24.45161         -53.30569          6.025009          6.025009
     543         333     4.9691032426909e-62           22.7265          -56.7444            6.1362          6.621613
     543         334     4.9691032426909e-62          23.99101          -69.8932          6.126312          6.126312
     544         320     6.8867990017885e-57            17.791          3.260803          6.586212          6.586212
     544         329     2.4477456643306e-88          40.10211         -21.28329          6.362808          6.362808
     544         331     2.4477456643306e-88          41.75281          -23.5358          7.861099          7.861099
     544         337     9.7909826573225e-88           39.0529         -2.137695          6.998199          6.998199
     544         338     9.7909826573225e-88           35.6815          4.573807          6.304703          6.304703
     545          12     1.2705828759171e-57           22.6254          -37.1987          6.436005          6.556992
     545          20     5.0243925949339e-64           25.7982        -0.3601074          9.262497          9.262497
     545         308      8.470552506114e-58          25.75819          -72.8996          6.006393          6.006393
     545         323     6.1193641608266e-89           43.3084          -29.6423          9.328003          9.328003
     545         329     2.4477456643306e-88          36.94189          5.331192          7.591705          7.591705
     545         330     2.4477456643306e-88           35.7872         -1.811096          6.097092          6.097092
     546          19     3.1402462122125e-65           25.0341            1.4711            8.5858          10.58141
     546          23     5.7389991681571e-58           17.7113          4.325912           6.39711          6.936707
     546         304     6.1193641608266e-89           36.9507         -12.44189          6.497208          6.497208
     546         306     6.1193641608266e-89           37.6333          2.110413          7.243607          7.243607
     546         311     1.5298410402066e-89          41.70691         -27.68579          6.207809          6.207809
     546         319     6.1193641608266e-89          37.58151          3.797699          7.760605          7.760605
     547          17     1.4347497920393e-58          18.27831          5.264801          6.285599          7.156799
     547          18     1.4347497964007e-58           19.5103            1.8255          6.042007          6.042007
     547          19     1.4347497920393e-58           20.0491          8.118408          6.919708          6.919708
     547         213     1.5298410402066e-89           36.6496          7.904999          7.088196          7.088196
     547         214     1.5298410402066e-89          37.57741          5.383896          8.792603          8.792603
     547         320     3.8246026005166e-90           40.7058          -21.6562          8.795898          8.795898
     547         327     1.5298410402066e-89           36.2868          6.908798          7.454102          7.454102
     547         330     1.5298410402066e-89          35.75439          2.265503          7.779907          7.779907
     548           5     8.7172665530246e-58          24.07001         -56.07069          6.477493          6.477493
     548          11     2.7671849925498e-57            16.974         -1.174301            6.3125          7.154297
     548         216     3.8246026005166e-90          34.56171          7.471405          6.190994          6.190994
     548         321     9.5615065012915e-91           40.5153          -35.0838          7.208801          7.208801
     548         322     9.5615065012915e-91          36.66231          -49.6463          7.432297          7.432297
     549         298     2.3903766253229e-91           40.8653         -24.15489          6.049408          6.049408
     549         305     8.9671862547638e-60          19.09821          -33.1282          6.060104          6.060104
     549         307     8.9671862547638e-60           16.8443           -7.2229          6.421906          6.421906
     550           9     1.2019075258733e-56           22.9514         -14.51439          6.086212          6.965302
     550         315     5.9759415633072e-92           38.9086          -17.4303            6.1698            6.1698
     550         317     5.9759415633072e-92           40.7254          -15.5822            7.3125            7.3125
     551         292     1.4939853908268e-92           41.7281         -19.62379          7.035095          7.035095
     551         301     3.0047688146832e-57           22.9933          -22.0802          6.139801          6.139801
     552           8     1.2060475640075e-56           15.5179         -33.24811          6.590897           6.89209
     552           9     6.0509380107089e-57           15.9758         -25.90961          6.283798          6.283798
     552          15     5.7649687344788e-59          16.06589          5.426895          6.040497          6.040497
     552         214     1.4939853908268e-92          35.99399         -1.015503          6.102997          6.102997
     552         290     1.8889244813668e-56            24.911         -63.56511          6.190491          6.190491
     552         308      3.734963477067e-93           39.7202         -20.86301          6.850891          6.850891
     552         309      3.734963477067e-93           39.7072         -5.177612          6.276398          6.276398
     553         303      3.734963477067e-93          38.96219          -11.0574          7.327591          8.886292
     553         307     9.3374086926675e-94           41.8588         -6.761902          7.638702          7.638702
     553         308     9.3374086926675e-94           38.8436         -3.506409          6.241302          6.241302
     553         309     9.3374086926675e-94          41.79489         -19.67551          7.404495          7.404495
     553         315      3.734963477067e-93          35.95479          5.509491          6.302689          6.302689
     553         316      3.734963477067e-93           36.5161          1.983902          6.619598          6.619598
     553         317      3.734963477067e-93           36.6637          4.181992          7.559998          7.559998
     554          18     9.3374086926675e-94          35.68121         0.6744995          7.098602          7.098602
     554          19     9.3374086926675e-94          38.30911          3.360092          9.553604          9.553604
     554         280     6.9592874804403e-58           26.8819         -42.31731          7.037399          7.037399
     554         292     2.3343521731669e-94          41.72971         -21.33121          8.072495          8.072495
     554         294     2.3343521731669e-94          44.73981          -18.8644           10.3172           10.3172
     555          20     4.6687043463337e-94          36.84761          6.352707            7.4543            7.4543
     555         224     2.3343521731669e-94          33.17561          1.360809          6.213913          6.213913
     555         227     2.3343521731669e-94             34.16          8.285309          6.020508          6.020508
     555         310     6.7792223004292e-57          27.02451         -21.77609          6.413208          6.413208
     555         321     1.0578565748273e-56          25.98721          -20.8564          6.078201          8.639404
     555         326     5.8358804329172e-95          41.15451          -20.6411          6.606003          6.606003
     556          19     2.2240349279716e-60          17.40359            4.7202          6.903488          7.079193
     556         316     1.4589701082293e-95           39.1219         -14.08591          6.543198          6.543198
     556         317     1.4589701082293e-95          39.59241         -20.29921           7.17659           7.17659
     556         319     1.4589701082293e-95                39          -14.2164          6.006699          6.006699
     556         324     1.1671760865834e-94           37.2737          1.579895          7.340988          7.340988
     556         325     1.1671760865834e-94           39.2695         0.6700897          9.935898          9.935898
     557         314     3.6474252705732e-96           37.4547          -10.2733          7.143692          7.143692
     558           8     8.9143155230552e-58          28.05751          -32.1584          6.946106          7.746902
     558           9     8.9143155230552e-58          27.28281         -29.84349          6.042404          6.042404
     558         308     3.1983670178989e-71           24.9752         -82.29489          6.043396          6.043396
     558         310     3.1983670178989e-71          25.29691          -94.0311          6.835007          6.835007
     558         323     4.5825552586952e-57             17.48         -28.94229          6.491302          6.662308
     558         326     5.6356499133476e-57          19.25861          -40.5856          6.421906          6.421906
     558         328     9.1185631764331e-97          38.56239         -40.01109          6.105408          6.105408
     558         329     9.1185631764331e-97          39.30602         -39.69989          8.152405          8.152405
     558         331     9.1185631764331e-97           40.9301          -42.8605          8.459396          8.946701
     558         337     9.1185631764331e-97          37.64131          -10.0063          7.205307            7.6633
     558         338     9.1185631764331e-97           37.7126           -8.3284          7.209198          7.209198
     559          13     2.2285788807648e-58          27.65359         -38.68771          7.315491          8.277786
     559          15     2.2285788807638e-58           25.9296         -35.74121            6.9944          8.381195
     559          16     3.4750545749557e-62          16.16559          -19.9487          6.171188          6.171188
     559          18     3.4750545749557e-62           15.9182         -12.31171           6.39119          6.598694
     559         275      5.728194073369e-58          20.21759           3.60849          6.067688          6.067688
     559         293     2.2796407941083e-97           38.0164         -52.02551          6.272598          6.272598
     560         191     4.5592815882165e-97           38.5603          1.446899          8.744904          8.744904
     560         303     5.6991019852707e-98          39.92151          -53.7126          6.795105          6.795105
     560         304     5.6991019852707e-98            39.179         -58.84529          6.956497          6.956497
     561          12     1.1142894403821e-58            29.075         -28.03091          7.852692          7.852692
     561          22     3.8995690915957e-77          15.68379          6.157593           7.48909           7.48909
     561         304     9.9948969309341e-73          27.94319         -112.1932          6.408386          6.408386
     561         306     9.9948969309341e-73          26.96779         -100.1963          6.365097          6.365097
     561         317     1.4247754963177e-98          39.09969         -23.37881          6.218994          6.218994
     561         324     1.1398203970541e-97          36.42709         -19.97371          6.241898          6.241898
     561         326     1.1398203970541e-97          37.42009         -2.999802           6.43129           6.43129
     562         302      4.997448465467e-73          26.62399          -95.3391            6.0961            6.0961
     562         305     2.4987242327335e-73           28.9812          -70.2879          8.114594          8.114594
     562         306     2.4987242327335e-73           28.3044          -86.6856          6.363098          6.363098
     562         316     3.5619387407942e-99           39.7244         -25.74901          6.280792          6.280792
     562         325     2.4987242327335e-73          28.00949          -89.6089          6.113098          6.113098
     563          17     1.7514732310915e-58            18.707          6.864105          6.131699          6.600296
     563         319     9.9948969309341e-73           25.8756           -94.554          6.370499          6.510895
     563         323     1.2493621163668e-73           28.6489         -103.3623          6.644897          6.644897
     563         325     1.2493621163668e-73           28.5056         -105.8195          6.315506          6.315506
     563         333     2.2348510895468e-57          16.22391         -6.339203          6.222595          6.222595
     563         335    8.9048468519854e-100           39.9399         -20.63589          6.471909          6.471909
     563         336    8.9048468519854e-100           39.0959          -28.9976          6.040405          6.040405
     563         337    8.9048468519854e-100           38.3878         -9.656891          7.089706          7.089706
     564          10     4.3786830777287e-59          14.50751        -0.4285889          6.276306          6.276306
     564         298     2.2210882068742e-73           26.0246          -86.6656          6.811707          6.863098
     564         308    2.2262117129964e-100           38.5945          -16.9254          6.188004          6.188004
     564         319     1.6658161551557e-73          28.74451         -92.00369             7.362             7.362
     565          14     1.1174255447734e-57          20.14899            1.9646          6.638901          6.638901
     565         313     3.3316323103114e-73          28.63629         -96.85171          6.570587          6.570587
     565         325    5.5655292824909e-101           39.1886         -17.09331          6.404388          6.404388
     566          14     2.9030309388767e-58            20.679         -7.123505          6.316406          6.316406
     566          20     5.4733538471609e-60           18.1804         -8.203796          7.111298          7.111298
     566         316     2.9151782715224e-73           30.0032         -108.0497          6.366302          6.366302
     566         318      2.116974697177e-73            29.033         -109.8439          6.194504          6.194504
     566         324    1.3913823206227e-101           36.0519         -32.46741          6.461105          6.461105
     566         335    1.3913823206227e-101           39.4978         -19.67999          6.791504          6.791504
     567           9     1.1174255447734e-57           22.0952           2.41481          6.403305          6.403305
     567          19     2.7366769235804e-60          19.56281          4.376205          7.240799          7.240799
     567         324    3.4784558015568e-102            39.948          -12.3698          7.467209          7.992599
     567         325    3.4784558015568e-102          39.33011          -18.1731           6.68811           6.68811
     567         332    3.4784558015568e-102          38.82881         -20.15399          6.855103          6.855103
     567         334    3.4784558015568e-102           38.0887          -30.8111          6.415604           8.01651
     568          12     1.8806204207795e-58           19.5455          6.396194          7.034088            7.7314
     568          18     1.3967819309667e-58          23.40509          7.262894          6.733093          7.488388
     568         316     1.2146576131343e-74           27.8797         -90.84921          6.750488          6.750488
     568         332     8.696139503892e-103          39.27289         -14.62761          6.503296          6.503296
     568         333     8.696139503892e-103           38.1295          -14.5948          6.516098          6.516098
     568         335     8.696139503892e-103           40.1059         -11.26811            7.6922            7.6922
     568         340     1.5617026454584e-74          30.38699         -95.71281          8.037796          8.037796
     569          13     6.9839096548336e-59          24.50581         -1.321793          7.070801          8.442703
     569          16     1.3683384617902e-60          24.78351          -10.2341          9.875702          11.17781
     569         222     8.5521153861889e-62           18.2753          8.377899          6.370911          6.902908
     569         337     3.9042566136461e-75          27.52391         -95.83399          6.096313          6.096313
     569         338     3.9042566136461e-75             26.64         -78.40479          7.579605          7.751312
     570         316     4.7015510519487e-59           19.7437           -25.617          6.256699          8.523499
     570         318     8.1445559276017e-59           18.3698          -24.5807          6.876999          6.876999
     571         319    1.3587717974831e-104           40.7682          -11.2644            6.5522          7.178497
     571         329     1.9081624285768e-59          17.87489          -46.1373          6.001892          6.575897
     572         216     2.1380288465472e-62           16.9884        -0.3670044          6.518295          6.518295
     572         221     2.1380288465472e-62           22.4464         0.3674927          7.048691          7.048691
     572         316     9.7606415341153e-76           31.1637         -105.3947          6.224396          6.224396
     572         327     6.4499944410445e-58           20.2921           -29.533          7.701096          7.701096
     573           9     1.1926015178605e-60           18.1772          4.282608          6.717896          7.386703
     573         217     2.1380288465472e-62           22.0898          -16.9735          6.304306          6.304306
     573         312     3.2535471780384e-76          28.91859          -94.6447          6.478897          6.478897
     573         317     1.7894509479211e-75          31.34399          -61.1461          7.354599          7.354599
     573         330    8.4923237342696e-106           40.2146         -1.603806          6.319397          6.319397
     573         339      2.404728594462e-59          15.58659         -14.75259          6.126907          6.126907
     574          10     6.0118214861549e-60          17.96721         -32.02089          6.054214          6.054214
     574         222     5.3450721163681e-63          20.15051          9.887405          6.367004          6.367004
     574         334     5.3450721163681e-63          20.57341          7.804214          6.109207          6.109207
     575         291     6.4499944410445e-58          22.56619          -54.5965          6.001892          6.001892
     575         306     5.6956258467987e-58           20.8571         -48.37151          6.656403          6.656403
     576         319     1.8985419489329e-58           24.0647          -48.3591          6.450302          6.450302
     577         304     6.3284731631096e-59             22.45          -41.8373          6.582001          6.582001
     577         306     6.3284731631096e-59          23.51871          -44.1637          7.270294          7.270294
     577         311     3.317313958699e-108          41.53931         -8.835602          6.434296          6.434296
     577         319     3.317313958699e-108           41.9281          -11.7887            7.7995            7.7995
     578         304     6.3284731631096e-59           21.2928          -41.2307          6.570908          6.570908
     578         312    8.2932848967476e-109          43.25391          -27.1628          8.286606          8.286606
     578         314    8.2932848967476e-109          41.26021          -22.2074          6.225311          6.225311
     578         320    8.2932848967476e-109          39.74861          -12.6906          7.307907          7.307907
     579          14     1.7111847574134e-59          17.03171         -8.866592          7.291901          7.291901
     579         320    2.0733212241869e-109          43.90291         -30.61909          7.700806          7.700806
     579         322    2.0733212241869e-109           43.9178          -51.6657           6.17601           6.17601
     579         329    2.0733212241869e-109           42.1217         -5.680893          7.130203          7.130203
     580         326    5.1833030604673e-110           43.0175           -26.375          6.286896          6.286896
     580         327    5.1833030604673e-110           44.5788          -16.3201           7.64389           7.64389
     580         329    5.1833030604673e-110           41.9953         -7.883301          6.967697           8.33049
     580         336    5.1833030604673e-110           39.2581            -3.834          6.266602          6.266602
     581         304    1.2958257651168e-110           43.6483          -42.8931          6.206802          6.206802
     581         306    1.2958257651168e-110           42.4411         -44.48509          6.053802          6.053802
     581         307    1.2958257651168e-110            44.886          -26.5419          8.939606          8.939606
     582          12     1.0789187316941e-60          16.68539          4.466797          6.023209            6.9496
     582          13     1.0789187316941e-60           15.1219          3.425095          6.191696          7.367996
     582          19     2.1578374633882e-60            17.952        -0.3112946          6.268509          6.268509
     582         322     6.4046169938681e-62           17.1429         -46.52519          6.297806          6.297806
     584         221     1.7981978861568e-61           15.6848          2.572205            6.4823            6.4823
     584         306     1.619782206396e-111           43.3936         -4.900192          7.133804          7.133804
     584         310     2.024727757995e-112           43.1626         -18.86009          6.656204          6.656204
     584         313     2.024727757995e-112          43.86531          -16.4736            7.3508            7.3508
     585          18     5.3945936584705e-61          21.64549         0.4221039          8.268799          8.268799
     585         218    5.0618193949876e-113          41.38449         -10.15021          7.001694          7.053604
     585         222     1.4290589656418e-58          16.82289          8.581192          6.071503          6.071503
     585         339     7.0787000017715e-59           16.6819          -14.8515          6.038498           6.58699
